     8	SCORE:  -187.221   -440.496     86.871           4.737        -20.521                    7.814         63.220             -0.688              4.976    -299.441       -20.243          123.766            -6.937            -1.605    -174.259    483.740         0.000            0.000       0.000         0.000         0.000                1.845     142       10      48    S_000008
    10	SCORE:  -186.913   -442.411     86.006           4.791        -20.296                    9.480         65.089             -1.025              5.144    -301.532       -17.718          123.185            -5.031            -1.494    -175.977    483.740         0.000            0.000       0.000         0.000         0.000                1.135     146       10      46    S_000010
     5	SCORE:  -181.649   -439.926     82.415           5.126        -20.139                   10.312         65.632              0.000              5.556    -299.785       -17.431          121.652            -3.382            -2.158    -174.807    483.740         0.000            0.000       0.000         0.000         0.000                1.546     145       10      47    S_000005
     9	SCORE:  -171.594   -440.980     86.637           6.137        -19.417                    7.773         69.971              0.000              5.679    -292.436       -19.408          121.055            -6.416            -1.494    -172.997    483.740         0.000            0.000       0.000         0.000         0.000                0.562     141       11      45    S_000009
     6	SCORE:  -171.393   -429.607     82.488           4.852        -19.792                    8.287         62.476             -0.002              4.383    -288.212       -21.740          122.968            -5.677            -1.494    -174.766    483.740         0.000            0.000       0.000         0.000         0.000                0.703     139       10      45    S_000006
     7	SCORE:  -163.494   -449.837    103.466           5.185        -21.482                   13.945         75.528             -1.297              5.742    -302.493       -18.825          126.920            -4.783            -1.494    -179.615    483.740         0.000            0.000       0.000         0.000         0.000                1.805     141       12      46    S_000007
     4	SCORE:  -152.464   -442.085    105.812           5.120        -21.259                   11.324         73.509              0.000              5.470    -301.140       -18.695          121.851            -2.722            -2.879    -172.099    483.740         0.000            0.000       0.000         0.000         0.000                1.588     145       11      45    S_000004
     2	SCORE:  -129.832   -442.945    132.998           4.734        -19.054                   10.529         69.424              0.000              5.221    -297.670       -20.411          125.084            -5.052            -2.118    -176.309    483.740         0.000            0.000       0.000         0.000         0.000                1.997     141       10      43    S_000002
     1	SCORE:  -129.400   -442.854    124.906           6.851        -21.223                   11.636         78.518              0.000              5.858    -301.546       -21.512          123.326            -6.648            -1.494    -171.042    483.740         0.000            0.000       0.000         0.000         0.000                2.085     141       11      47    S_000001
     3	SCORE:   -91.597   -450.472    177.597           5.143        -20.947                   10.699         72.684              0.000              5.925    -302.162       -24.709          125.956            -3.802            -2.374    -170.283    483.740         0.000            0.000       0.000         0.000         0.000                1.408     141       10      47    S_000003
